 4 2019 12 21 164 0 0 -0.235345214605D-04-0.488853402203D-11  0.00000000000D+00
   0.430000000000D+02-0.248437500000D+02 0.465019369923D-08-0.271143455969D+01
  -0.136904418468D-05 0.413527595811D-03 0.103283673525D-04 0.515373532104D+04
   0.590400000000D+06 0.428408384323D-07 0.178847404437D+01-0.167638063431D-07
   0.959473854852D-00 0.182937500000D+03-0.266296297375D+01-0.799676166865D-08
  -0.410731394325D-09  0.00000000000D+00 0.360000000000D+02  0.00000000000D+00
   0.200000000000D+01 0.630000000000D+02-0.419095158577D-08 0.811000000000D+03
   0.000000000000D+00  0.00000000000D+00 0.000000000000D+00 0.000000000000D+00

14 2019 12 22 10 0 0 -0.433716922998D-04 0.227373675443D-11  0.00000000000D+00
   0.900000000000D+02-0.260937500000D+02 0.467698052930D-08-0.998067554594D-00
  -0.134855508804D-05 0.107496847631D-01 0.874884426594D-05 0.515359849930D+04
   0.360000000000D+05-0.558793544769D-07 0.171559617040D+01 0.288709998131D-06
   0.960001350927D-00 0.212750000000D+03-0.193059211629D+01-0.817784063989D-08
  -0.588595945955D-09  0.00000000000D+00 0.370000000000D+02  0.00000000000D+00
   0.200000000000D+01  0.00000000000D+00-0.977888703346D-08 0.900000000000D+02
   0.000000000000D+00  0.00000000000D+00 0.000000000000D+00 0.000000000000D+00

16 2019 12 22 10 0 0 -0.105581711978D-03-0.386535248253D-11  0.00000000000D+00
   0.110000000000D+03 0.495000000000D+02 0.429232164957D-08 0.249051398722D-00
   0.270828604698D-05 0.111300456338D-01 0.239722430706D-05 0.515368615341D+04
   0.360000000000D+05 0.707805156708D-07-0.246509592749D+01 0.156462192535D-06
   0.980679913026D-00 0.342406250000D+03 0.582806434490D-00-0.837284876276D-08
   0.108575951196D-09  0.00000000000D+00 0.370000000000D+02  0.00000000000D+00
   0.280000000000D+01  0.00000000000D+00-0.102445483208D-07 0.110000000000D+03
   0.000000000000D+00  0.00000000000D+00 0.000000000000D+00 0.000000000000D+00

22 2019 12 22 10 0 0 -0.778754707426D-03-0.181898940355D-11  0.00000000000D+00
   0.550000000000D+02 0.155312500000D+02 0.564237788483D-08-0.163426120652D+01
   0.899657607079D-06 0.691585731693D-02 0.585056841373D-05 0.515361104965D+04
   0.360000000000D+05-0.132247805595D-06 0.508525006199D-00 0.139698386192D-06
   0.929264188361D-00 0.249281250000D+03-0.125061857228D+01-0.862107338803D-08
   0.301083969927D-09  0.00000000000D+00 0.370000000000D+02  0.00000000000D+00
   0.200000000000D+01  0.00000000000D+00-0.181607902050D-07 0.550000000000D+02
   0.000000000000D+00  0.00000000000D+00 0.000000000000D+00 0.000000000000D+00

25 2019 12 22 10 0 0 -0.171554274857D-04 0.341060513165D-12  0.00000000000D+00
   0.370000000000D+02 0.787812500000D+02 0.454518932538D-08 0.173458463641D+01
   0.399164855480D-05 0.877482572105D-02 0.306777656078D-05 0.515361757278D+04
   0.360000000000D+05-0.186264514923D-06-0.255092900459D+01-0.260770320892D-07
   0.967810991338D-00 0.322875000000D+03 0.885728122292D-00-0.838677791439D-08
   0.213223167315D-09  0.00000000000D+00 0.370000000000D+02  0.00000000000D+00
   0.200000000000D+01  0.00000000000D+00 0.558793544769D-08 0.370000000000D+02
   0.000000000000D+00  0.00000000000D+00 0.000000000000D+00 0.000000000000D+00

26 2019 12 22 10 0 0  0.111002475023D-03 0.818545231596D-11  0.00000000000D+00
   0.580000000000D+02 0.777500000000D+02 0.491306179160D-08 0.115616789974D+01
   0.410154461861D-05 0.441650883295D-02 0.266171991825D-05 0.515372194862D+04
   0.360000000000D+05 0.279396772385D-07-0.258332592525D+01 0.521540641785D-07
   0.949000487851D-00 0.319937500000D+03 0.145531339222D-00-0.855928510001D-08
   0.117147736816D-09  0.00000000000D+00 0.370000000000D+02  0.00000000000D+00
   0.200000000000D+01  0.00000000000D+00 0.745058059692D-08 0.580000000000D+02
   0.000000000000D+00  0.00000000000D+00 0.000000000000D+00 0.000000000000D+00

29 2019 12 22 10 0 0  0.120974145830D-04-0.977706804406D-11  0.00000000000D+00
   0.320000000000D+02-0.982812500000D+02 0.403195366134D-08-0.495958577934D-00
  -0.533647835255D-05 0.103151262738D-02 0.581145286560D-05 0.515365166283D+04
   0.360000000000D+05-0.167638063431D-07-0.143825865667D+01-0.167638063431D-07
   0.985587030342D-00 0.282218750000D+03 0.201666293513D+01-0.798068957061D-08
  -0.204294223960D-09  0.00000000000D+00 0.370000000000D+02  0.00000000000D+00
   0.200000000000D+01  0.00000000000D+00-0.977888703346D-08 0.320000000000D+02
   0.000000000000D+00  0.00000000000D+00 0.000000000000D+00 0.000000000000D+00

31 2019 12 22 9 59 44 -0.114641152322D-04-0.250111042988D-11  0.00000000000D+00
   0.300000000000D+02 0.853750000000D+02 0.424981987920D-08 0.235421872863D+01
   0.446289777756D-05 0.964296667371D-02 0.110771507025D-04 0.515376210976D+04
   0.359840000000D+05-0.143423676491D-06 0.271081213486D+01 0.614672899246D-07
   0.958840722925D-00 0.168437500000D+03 0.887854842375D-01-0.783354058412D-08
  -0.102147111980D-09  0.00000000000D+00 0.370000000000D+02  0.00000000000D+00
   0.200000000000D+01  0.00000000000D+00-0.135041773319D-07 0.300000000000D+02
   0.000000000000D+00  0.00000000000D+00 0.000000000000D+00 0.000000000000D+00

32 2019 12 22 10 0 0  0.162848271430D-03 0.112549969344D-10  0.00000000000D+00
   0.183000000000D+03-0.340937500000D+02 0.483627287875D-08 0.866682409373D-01
  -0.180490314960D-05 0.334926217329D-02 0.817514955997D-05 0.515365929031D+04
   0.360000000000D+05-0.745058059692D-08 0.162864569746D+01 0.484287738800D-07
   0.956295410777D-00 0.219843750000D+03-0.254819553338D+01-0.822105672573D-08
  -0.544665544649D-09  0.00000000000D+00 0.370000000000D+02  0.00000000000D+00
   0.200000000000D+01  0.00000000000D+00 0.465661287308D-09 0.183000000000D+03
   0.000000000000D+00  0.00000000000D+00 0.000000000000D+00 0.000000000000D+00

27 2019 12 22 12 0 0 -0.158085487783D-03-0.115960574476D-10  0.00000000000D+00
   0.940000000000D+02-0.847187500000D+02 0.417945980556D-08 0.363520967022D-00
  -0.444799661636D-05 0.752300478052D-02 0.507943332195D-05 0.515366101646D+04
   0.432000000000D+05 0.242143869400D-07-0.150726681388D+01 0.931322574615D-07
   0.978271426143D-00 0.292125000000D+03 0.498144411611D-00-0.819534136886D-08
  -0.253224833545D-09  0.00000000000D+00 0.370000000000D+02  0.00000000000D+00
   0.200000000000D+01  0.00000000000D+00 0.186264514923D-08 0.940000000000D+02
   0.000000000000D+00  0.00000000000D+00 0.000000000000D+00 0.000000000000D+00

23 2019 12 22 12 0 0 -0.147988088429D-03 0.238742359215D-11  0.00000000000D+00
   0.440000000000D+02-0.292500000000D+02 0.511414159595D-08-0.109799050627D+01
  -0.149570405483D-05 0.132775653619D-01 0.792182981968D-05 0.515369659615D+04
   0.432000000000D+05 0.206753611565D-06 0.161380991752D+01 0.307336449623D-06
   0.942921807221D-00 0.214375000000D+03-0.221289159945D+01-0.830106005819D-08
  -0.552523014801D-09  0.00000000000D+00 0.370000000000D+02  0.00000000000D+00
   0.200000000000D+01  0.00000000000D+00-0.204890966415D-07 0.440000000000D+02
   0.000000000000D+00  0.00000000000D+00 0.000000000000D+00 0.000000000000D+00

-------------------------------------------------------------------------
 4 2019 12 22 12 0 0 -0.238148495555D-04-0.488853402203D-11  0.00000000000D+00
   0.510000000000D+02-0.317187500000D+02 0.463769317854D-08-0.591202981543D-00
  -0.184588134289D-05 0.415298272856D-03 0.856816768646D-05 0.515373328781D+04
   0.432000000000D+05  0.00000000000D+00 0.166759848800D+01 0.614672899246D-07
   0.959447463809D-00 0.213156250000D+03-0.266521775037D+01-0.802069123684D-08
  -0.581452791271D-09  0.00000000000D+00 0.370000000000D+02  0.00000000000D+00
   0.280000000000D+01 0.630000000000D+02-0.419095158577D-08 0.819000000000D+03
   0.000000000000D+00  0.00000000000D+00 0.000000000000D+00 0.000000000000D+00

14 2019 12 22 10 0 0 -0.433716922998D-04 0.227373675443D-11  0.00000000000D+00
   0.900000000000D+02-0.260937500000D+02 0.467698052930D-08-0.998067554594D-00
  -0.134855508804D-05 0.107496847631D-01 0.874884426594D-05 0.515359849930D+04
   0.360000000000D+05-0.558793544769D-07 0.171559617040D+01 0.288709998131D-06
   0.960001350927D-00 0.212750000000D+03-0.193059211629D+01-0.817784063989D-08
  -0.588595945955D-09  0.00000000000D+00 0.370000000000D+02  0.00000000000D+00
   0.200000000000D+01  0.00000000000D+00-0.977888703346D-08 0.900000000000D+02
   0.000000000000D+00  0.00000000000D+00 0.000000000000D+00 0.000000000000D+00

16 2019 12 22 10 0 0 -0.105581711978D-03-0.386535248253D-11  0.00000000000D+00
   0.110000000000D+03 0.495000000000D+02 0.429232164957D-08 0.249051398722D-00
   0.270828604698D-05 0.111300456338D-01 0.239722430706D-05 0.515368615341D+04
   0.360000000000D+05 0.707805156708D-07-0.246509592749D+01 0.156462192535D-06
   0.980679913026D-00 0.342406250000D+03 0.582806434490D-00-0.837284876276D-08
   0.108575951196D-09  0.00000000000D+00 0.370000000000D+02  0.00000000000D+00
   0.280000000000D+01  0.00000000000D+00-0.102445483208D-07 0.110000000000D+03
   0.000000000000D+00  0.00000000000D+00 0.000000000000D+00 0.000000000000D+00

22 2019 12 22 10 0 0 -0.778754707426D-03-0.181898940355D-11  0.00000000000D+00
   0.550000000000D+02 0.155312500000D+02 0.564237788483D-08-0.163426120652D+01
   0.899657607079D-06 0.691585731693D-02 0.585056841373D-05 0.515361104965D+04
   0.360000000000D+05-0.132247805595D-06 0.508525006199D-00 0.139698386192D-06
   0.929264188361D-00 0.249281250000D+03-0.125061857228D+01-0.862107338803D-08
   0.301083969927D-09  0.00000000000D+00 0.370000000000D+02  0.00000000000D+00
   0.200000000000D+01  0.00000000000D+00-0.181607902050D-07 0.550000000000D+02
   0.000000000000D+00  0.00000000000D+00 0.000000000000D+00 0.000000000000D+00

23 2019 12 22 12 0 0 -0.147988088429D-03 0.238742359215D-11  0.00000000000D+00
   0.440000000000D+02-0.292500000000D+02 0.511414159595D-08-0.109799050627D+01
  -0.149570405483D-05 0.132775653619D-01 0.792182981968D-05 0.515369659615D+04
   0.432000000000D+05 0.206753611565D-06 0.161380991752D+01 0.307336449623D-06
   0.942921807221D-00 0.214375000000D+03-0.221289159945D+01-0.830106005819D-08
  -0.552523014801D-09  0.00000000000D+00 0.370000000000D+02  0.00000000000D+00
   0.200000000000D+01  0.00000000000D+00-0.204890966415D-07 0.440000000000D+02
   0.000000000000D+00  0.00000000000D+00 0.000000000000D+00 0.000000000000D+00

25 2019 12 22 10 0 0 -0.171554274857D-04 0.341060513165D-12  0.00000000000D+00
   0.370000000000D+02 0.787812500000D+02 0.454518932538D-08 0.173458463641D+01
   0.399164855480D-05 0.877482572105D-02 0.306777656078D-05 0.515361757278D+04
   0.360000000000D+05-0.186264514923D-06-0.255092900459D+01-0.260770320892D-07
   0.967810991338D-00 0.322875000000D+03 0.885728122292D-00-0.838677791439D-08
   0.213223167315D-09  0.00000000000D+00 0.370000000000D+02  0.00000000000D+00
   0.200000000000D+01  0.00000000000D+00 0.558793544769D-08 0.370000000000D+02
   0.000000000000D+00  0.00000000000D+00 0.000000000000D+00 0.000000000000D+00

26 2019 12 22 10 0 0  0.111002475023D-03 0.818545231596D-11  0.00000000000D+00
   0.580000000000D+02 0.777500000000D+02 0.491306179160D-08 0.115616789974D+01
   0.410154461861D-05 0.441650883295D-02 0.266171991825D-05 0.515372194862D+04
   0.360000000000D+05 0.279396772385D-07-0.258332592525D+01 0.521540641785D-07
   0.949000487851D-00 0.319937500000D+03 0.145531339222D-00-0.855928510001D-08
   0.117147736816D-09  0.00000000000D+00 0.370000000000D+02  0.00000000000D+00
   0.200000000000D+01  0.00000000000D+00 0.745058059692D-08 0.580000000000D+02
   0.000000000000D+00  0.00000000000D+00 0.000000000000D+00 0.000000000000D+00

27 2019 12 22 12 0 0 -0.158085487783D-03-0.115960574476D-10  0.00000000000D+00
   0.940000000000D+02-0.847187500000D+02 0.417945980556D-08 0.363520967022D-00
  -0.444799661636D-05 0.752300478052D-02 0.507943332195D-05 0.515366101646D+04
   0.432000000000D+05 0.242143869400D-07-0.150726681388D+01 0.931322574615D-07
   0.978271426143D-00 0.292125000000D+03 0.498144411611D-00-0.819534136886D-08
  -0.253224833545D-09  0.00000000000D+00 0.370000000000D+02  0.00000000000D+00
   0.200000000000D+01  0.00000000000D+00 0.186264514923D-08 0.940000000000D+02
   0.000000000000D+00  0.00000000000D+00 0.000000000000D+00 0.000000000000D+00

29 2019 12 22 10 0 0  0.120974145830D-04-0.977706804406D-11  0.00000000000D+00
   0.320000000000D+02-0.982812500000D+02 0.403195366134D-08-0.495958577934D-00
  -0.533647835255D-05 0.103151262738D-02 0.581145286560D-05 0.515365166283D+04
   0.360000000000D+05-0.167638063431D-07-0.143825865667D+01-0.167638063431D-07
   0.985587030342D-00 0.282218750000D+03 0.201666293513D+01-0.798068957061D-08
  -0.204294223960D-09  0.00000000000D+00 0.370000000000D+02  0.00000000000D+00
   0.200000000000D+01  0.00000000000D+00-0.977888703346D-08 0.320000000000D+02
   0.000000000000D+00  0.00000000000D+00 0.000000000000D+00 0.000000000000D+00

31 2019 12 22 9 59 44 -0.114641152322D-04-0.250111042988D-11  0.00000000000D+00
   0.300000000000D+02 0.853750000000D+02 0.424981987920D-08 0.235421872863D+01
   0.446289777756D-05 0.964296667371D-02 0.110771507025D-04 0.515376210976D+04
   0.359840000000D+05-0.143423676491D-06 0.271081213486D+01 0.614672899246D-07
   0.958840722925D-00 0.168437500000D+03 0.887854842375D-01-0.783354058412D-08
  -0.102147111980D-09  0.00000000000D+00 0.370000000000D+02  0.00000000000D+00
   0.200000000000D+01  0.00000000000D+00-0.135041773319D-07 0.300000000000D+02
   0.000000000000D+00  0.00000000000D+00 0.000000000000D+00 0.000000000000D+00

32 2019 12 22 10 0 0  0.162848271430D-03 0.112549969344D-10  0.00000000000D+00
   0.183000000000D+03-0.340937500000D+02 0.483627287875D-08 0.866682409373D-01
  -0.180490314960D-05 0.334926217329D-02 0.817514955997D-05 0.515365929031D+04
   0.360000000000D+05-0.745058059692D-08 0.162864569746D+01 0.484287738800D-07
   0.956295410777D-00 0.219843750000D+03-0.254819553338D+01-0.822105672573D-08
  -0.544665544649D-09  0.00000000000D+00 0.370000000000D+02  0.00000000000D+00
   0.200000000000D+01  0.00000000000D+00 0.465661287308D-09 0.183000000000D+03
   0.000000000000D+00  0.00000000000D+00 0.000000000000D+00 0.000000000000D+00

-------------------------------------------------------------------------
 4 2019 12 22 12 0 0 -0.238148495555D-04-0.488853402203D-11  0.00000000000D+00
   0.510000000000D+02-0.317187500000D+02 0.463769317854D-08-0.591202981543D-00
  -0.184588134289D-05 0.415298272856D-03 0.856816768646D-05 0.515373328781D+04
   0.432000000000D+05  0.00000000000D+00 0.166759848800D+01 0.614672899246D-07
   0.959447463809D-00 0.213156250000D+03-0.266521775037D+01-0.802069123684D-08
  -0.581452791271D-09  0.00000000000D+00 0.370000000000D+02  0.00000000000D+00
   0.280000000000D+01 0.630000000000D+02-0.419095158577D-08 0.819000000000D+03
   0.000000000000D+00  0.00000000000D+00 0.000000000000D+00 0.000000000000D+00

 8 2019 12 22 12 0 0 -0.176159664989D-04-0.125055521494D-11  0.00000000000D+00
   0.470000000000D+02-0.899687500000D+02 0.431875132190D-08 0.575096898637D-00
  -0.473111867905D-05 0.488946773112D-02 0.475719571114D-05 0.515360494423D+04
   0.432000000000D+05 0.670552253723D-07-0.152029683796D+01-0.111758708954D-07
   0.969906949180D-00 0.291531250000D+03-0.223024206242D-00-0.822569977627D-08
  -0.242867259253D-09  0.00000000000D+00 0.370000000000D+02  0.00000000000D+00
   0.200000000000D+01  0.00000000000D+00 0.512227416039D-08 0.470000000000D+02
   0.000000000000D+00  0.00000000000D+00 0.000000000000D+00 0.000000000000D+00

 9 2019 12 22 12 0 0 -0.114294234663D-03-0.932232069317D-11  0.00000000000D+00
   0.880000000000D+02-0.283125000000D+02 0.487270296764D-08 0.867157714382D-00
  -0.161118805408D-05 0.170863443054D-02 0.846572220325D-05 0.515353638268D+04
   0.432000000000D+05-0.242143869400D-07 0.162090612497D+01 0.130385160446D-07
   0.952109043940D-00 0.211343750000D+03 0.168496475195D+01-0.813748181592D-08
  -0.534307970357D-09  0.00000000000D+00 0.370000000000D+02  0.00000000000D+00
   0.200000000000D+01  0.00000000000D+00 0.139698386192D-08 0.880000000000D+02
   0.000000000000D+00  0.00000000000D+00 0.000000000000D+00 0.000000000000D+00

14 2019 12 22 10 0 0 -0.433716922998D-04 0.227373675443D-11  0.00000000000D+00
   0.900000000000D+02-0.260937500000D+02 0.467698052930D-08-0.998067554594D-00
  -0.134855508804D-05 0.107496847631D-01 0.874884426594D-05 0.515359849930D+04
   0.360000000000D+05-0.558793544769D-07 0.171559617040D+01 0.288709998131D-06
   0.960001350927D-00 0.212750000000D+03-0.193059211629D+01-0.817784063989D-08
  -0.588595945955D-09  0.00000000000D+00 0.370000000000D+02  0.00000000000D+00
   0.200000000000D+01  0.00000000000D+00-0.977888703346D-08 0.900000000000D+02
   0.000000000000D+00  0.00000000000D+00 0.000000000000D+00 0.000000000000D+00

16 2019 12 22 10 0 0 -0.105581711978D-03-0.386535248253D-11  0.00000000000D+00
   0.110000000000D+03 0.495000000000D+02 0.429232164957D-08 0.249051398722D-00
   0.270828604698D-05 0.111300456338D-01 0.239722430706D-05 0.515368615341D+04
   0.360000000000D+05 0.707805156708D-07-0.246509592749D+01 0.156462192535D-06
   0.980679913026D-00 0.342406250000D+03 0.582806434490D-00-0.837284876276D-08
   0.108575951196D-09  0.00000000000D+00 0.370000000000D+02  0.00000000000D+00
   0.280000000000D+01  0.00000000000D+00-0.102445483208D-07 0.110000000000D+03
   0.000000000000D+00  0.00000000000D+00 0.000000000000D+00 0.000000000000D+00

22 2019 12 22 10 0 0 -0.778754707426D-03-0.181898940355D-11  0.00000000000D+00
   0.550000000000D+02 0.155312500000D+02 0.564237788483D-08-0.163426120652D+01
   0.899657607079D-06 0.691585731693D-02 0.585056841373D-05 0.515361104965D+04
   0.360000000000D+05-0.132247805595D-06 0.508525006199D-00 0.139698386192D-06
   0.929264188361D-00 0.249281250000D+03-0.125061857228D+01-0.862107338803D-08
   0.301083969927D-09  0.00000000000D+00 0.370000000000D+02  0.00000000000D+00
   0.200000000000D+01  0.00000000000D+00-0.181607902050D-07 0.550000000000D+02
   0.000000000000D+00  0.00000000000D+00 0.000000000000D+00 0.000000000000D+00

23 2019 12 22 12 0 0 -0.147988088429D-03 0.238742359215D-11  0.00000000000D+00
   0.440000000000D+02-0.292500000000D+02 0.511414159595D-08-0.109799050627D+01
  -0.149570405483D-05 0.132775653619D-01 0.792182981968D-05 0.515369659615D+04
   0.432000000000D+05 0.206753611565D-06 0.161380991752D+01 0.307336449623D-06
   0.942921807221D-00 0.214375000000D+03-0.221289159945D+01-0.830106005819D-08
  -0.552523014801D-09  0.00000000000D+00 0.370000000000D+02  0.00000000000D+00
   0.200000000000D+01  0.00000000000D+00-0.204890966415D-07 0.440000000000D+02
   0.000000000000D+00  0.00000000000D+00 0.000000000000D+00 0.000000000000D+00

25 2019 12 22 10 0 0 -0.171554274857D-04 0.341060513165D-12  0.00000000000D+00
   0.370000000000D+02 0.787812500000D+02 0.454518932538D-08 0.173458463641D+01
   0.399164855480D-05 0.877482572105D-02 0.306777656078D-05 0.515361757278D+04
   0.360000000000D+05-0.186264514923D-06-0.255092900459D+01-0.260770320892D-07
   0.967810991338D-00 0.322875000000D+03 0.885728122292D-00-0.838677791439D-08
   0.213223167315D-09  0.00000000000D+00 0.370000000000D+02  0.00000000000D+00
   0.200000000000D+01  0.00000000000D+00 0.558793544769D-08 0.370000000000D+02
   0.000000000000D+00  0.00000000000D+00 0.000000000000D+00 0.000000000000D+00

26 2019 12 22 10 0 0  0.111002475023D-03 0.818545231596D-11  0.00000000000D+00
   0.580000000000D+02 0.777500000000D+02 0.491306179160D-08 0.115616789974D+01
   0.410154461861D-05 0.441650883295D-02 0.266171991825D-05 0.515372194862D+04
   0.360000000000D+05 0.279396772385D-07-0.258332592525D+01 0.521540641785D-07
   0.949000487851D-00 0.319937500000D+03 0.145531339222D-00-0.855928510001D-08
   0.117147736816D-09  0.00000000000D+00 0.370000000000D+02  0.00000000000D+00
   0.200000000000D+01  0.00000000000D+00 0.745058059692D-08 0.580000000000D+02
   0.000000000000D+00  0.00000000000D+00 0.000000000000D+00 0.000000000000D+00

27 2019 12 22 12 0 0 -0.158085487783D-03-0.115960574476D-10  0.00000000000D+00
   0.940000000000D+02-0.847187500000D+02 0.417945980556D-08 0.363520967022D-00
  -0.444799661636D-05 0.752300478052D-02 0.507943332195D-05 0.515366101646D+04
   0.432000000000D+05 0.242143869400D-07-0.150726681388D+01 0.931322574615D-07
   0.978271426143D-00 0.292125000000D+03 0.498144411611D-00-0.819534136886D-08
  -0.253224833545D-09  0.00000000000D+00 0.370000000000D+02  0.00000000000D+00
   0.200000000000D+01  0.00000000000D+00 0.186264514923D-08 0.940000000000D+02
   0.000000000000D+00  0.00000000000D+00 0.000000000000D+00 0.000000000000D+00

29 2019 12 22 10 0 0  0.120974145830D-04-0.977706804406D-11  0.00000000000D+00
   0.320000000000D+02-0.982812500000D+02 0.403195366134D-08-0.495958577934D-00
  -0.533647835255D-05 0.103151262738D-02 0.581145286560D-05 0.515365166283D+04
   0.360000000000D+05-0.167638063431D-07-0.143825865667D+01-0.167638063431D-07
   0.985587030342D-00 0.282218750000D+03 0.201666293513D+01-0.798068957061D-08
  -0.204294223960D-09  0.00000000000D+00 0.370000000000D+02  0.00000000000D+00
   0.200000000000D+01  0.00000000000D+00-0.977888703346D-08 0.320000000000D+02
   0.000000000000D+00  0.00000000000D+00 0.000000000000D+00 0.000000000000D+00

31 2019 12 22 12 0 0 -0.114822760224D-04-0.250111042988D-11  0.00000000000D+00
   0.360000000000D+02 0.842187500000D+02 0.427732102473D-08-0.287650460059D+01
   0.432506203651D-05 0.964416004717D-02 0.114738941193D-04 0.515375995255D+04
   0.432000000000D+05-0.121071934700D-06 0.271075574083D+01-0.335276126862D-07
   0.958840325011D-00 0.159125000000D+03 0.887825232913D-01-0.777889545079D-08
  -0.778603860547D-10  0.00000000000D+00 0.370000000000D+02  0.00000000000D+00
   0.200000000000D+01  0.00000000000D+00-0.135041773319D-07 0.360000000000D+02
   0.000000000000D+00  0.00000000000D+00 0.000000000000D+00 0.000000000000D+00

32 2019 12 22 10 0 0  0.162848271430D-03 0.112549969344D-10  0.00000000000D+00
   0.183000000000D+03-0.340937500000D+02 0.483627287875D-08 0.866682409373D-01
  -0.180490314960D-05 0.334926217329D-02 0.817514955997D-05 0.515365929031D+04
   0.360000000000D+05-0.745058059692D-08 0.162864569746D+01 0.484287738800D-07
   0.956295410777D-00 0.219843750000D+03-0.254819553338D+01-0.822105672573D-08
  -0.544665544649D-09  0.00000000000D+00 0.370000000000D+02  0.00000000000D+00
   0.200000000000D+01  0.00000000000D+00 0.465661287308D-09 0.183000000000D+03
   0.000000000000D+00  0.00000000000D+00 0.000000000000D+00 0.000000000000D+00

-------------------------------------------------------------------------
